((1, 5), (1, 6), (2, 5), (3, 5), (3, 5))
((0, 5), (0, 5), (1, 3), (1, 5), (3, 5))
((1, 4), (1, 5), (1, 6), (2, 4), (2, 4))
((0, 5), (1, 3), (1, 3), (1, 4), (1, 5))
((0, 4), (1, 4), (2, 4), (4, 6))
((0, 4), (0, 5), (0, 5), (1, 3), (1, 4))
((0, 2), (0, 5), (2, 4), (2, 4), (2, 5))
((0, 3), (0, 4), (1, 3), (1, 3), (4, 6))
((0, 5), (1, 5), (2, 4), (2, 5))
((0, 2), (0, 3), (0, 4), (0, 5), (0, 5))
((0, 4), (0, 5), (0, 5), (1, 4), (2, 4))
((0, 3), (0, 4), (1, 3), (4, 6))
((0, 5), (0, 5), (1, 5), (2, 5), (3, 5))
((0, 4), (1, 3), (1, 4), (4, 6), (4, 6))
((0, 2), (0, 4), (2, 4), (4, 6))
((1, 6), (2, 4), (2, 6), (4, 6))
((1, 6), (2, 6), (3, 5), (3, 6))
((0, 2), (0, 3), (3, 6), (4, 6), (4, 6))
((0, 5), (0, 5), (1, 4), (1, 5), (2, 4))
((0, 5), (1, 5), (2, 4), (2, 4), (2, 5))
((1, 6), (2, 6), (3, 5), (3, 5), (3, 6))
((1, 6), (1, 6), (2, 4), (2, 6), (4, 6))
((0, 3), (1, 3), (1, 3), (3, 6), (4, 6))
((0, 4), (1, 3), (1, 4), (4, 6))
((0, 4), (0, 5), (1, 3), (1, 3), (1, 4))
((0, 4), (1, 3), (1, 3), (1, 4), (4, 6))
((0, 5), (1, 5), (2, 5), (3, 5))
((0, 3), (1, 3), (3, 5), (3, 5), (3, 6))
((0, 5), (1, 4), (1, 5), (2, 4), (2, 4))
((1, 3), (1, 5), (1, 6), (1, 6), (3, 5))
((0, 2), (0, 4), (0, 5), (0, 5), (2, 4))
((0, 2), (0, 2), (0, 3), (0, 5), (3, 5))
((0, 3), (0, 5), (1, 3), (1, 3), (3, 5))
((1, 4), (1, 6), (2, 4), (4, 6))
((1, 3), (1, 6), (3, 5), (3, 5), (3, 6))
((0, 4), (1, 4), (2, 4), (2, 4), (4, 6))
((1, 6), (2, 6), (3, 6), (4, 6), (4, 6))
((0, 3), (0, 5), (1, 3), (3, 5))
((1, 3), (1, 6), (3, 6), (4, 6))
((0, 5), (1, 5), (2, 5), (3, 5), (3, 5))
((0, 2), (0, 3), (0, 5), (3, 5))
((1, 5), (1, 6), (2, 4), (2, 5))
((0, 2), (2, 6), (3, 6), (4, 6), (4, 6))
((0, 4), (0, 5), (1, 4), (2, 4), (2, 4))
((0, 2), (0, 2), (0, 3), (0, 4), (4, 6))
((0, 2), (2, 4), (2, 6), (4, 6))
((0, 3), (0, 4), (0, 5), (0, 5), (1, 3))
((1, 6), (1, 6), (2, 4), (2, 5), (2, 6))
((1, 6), (2, 4), (2, 4), (2, 5), (2, 6))
((0, 2), (0, 2), (0, 3), (3, 6), (4, 6))
((1, 5), (1, 6), (1, 6), (2, 4), (2, 5))
((0, 2), (2, 4), (2, 4), (2, 5), (2, 6))
((0, 2), (0, 3), (0, 4), (4, 6))
((1, 6), (1, 6), (2, 6), (3, 6), (4, 6))
((0, 2), (0, 3), (3, 5), (3, 5), (3, 6))
((0, 2), (2, 6), (3, 5), (3, 6))
((0, 2), (0, 5), (2, 4), (2, 5))
((0, 5), (0, 5), (1, 5), (2, 4), (2, 5))
((0, 4), (1, 4), (2, 4), (4, 6), (4, 6))
((0, 2), (2, 6), (3, 5), (3, 5), (3, 6))
((0, 2), (2, 6), (3, 6), (4, 6))
((0, 2), (0, 3), (3, 6), (4, 6))
((1, 3), (1, 6), (3, 5), (3, 6))
((0, 3), (0, 4), (1, 3), (4, 6), (4, 6))
((0, 4), (0, 5), (1, 4), (2, 4))
((1, 3), (1, 4), (1, 6), (4, 6))
((1, 3), (1, 6), (3, 6), (4, 6), (4, 6))
((0, 2), (0, 4), (0, 5), (2, 4))
((0, 3), (1, 3), (3, 6), (4, 6))
((0, 5), (1, 3), (1, 4), (1, 5))
((0, 2), (0, 2), (2, 4), (2, 6), (4, 6))
((0, 5), (1, 4), (1, 5), (2, 4))
((0, 2), (0, 2), (2, 6), (3, 5), (3, 6))
((1, 3), (1, 4), (1, 5), (1, 6))
((0, 2), (0, 2), (0, 3), (3, 5), (3, 6))
((0, 3), (1, 3), (1, 3), (3, 5), (3, 6))
((0, 2), (0, 2), (2, 6), (3, 6), (4, 6))
((0, 2), (0, 2), (2, 5), (2, 6), (3, 5))
((0, 2), (0, 3), (0, 4), (0, 5))
((1, 4), (1, 6), (2, 4), (2, 4), (4, 6))
((0, 3), (0, 4), (0, 5), (1, 3))
((1, 4), (1, 5), (1, 6), (2, 4))
((0, 2), (2, 4), (2, 5), (2, 6))
((1, 5), (1, 6), (1, 6), (2, 5), (3, 5))
((1, 6), (2, 5), (2, 6), (3, 5))
((0, 2), (0, 5), (2, 5), (3, 5))
((1, 6), (1, 6), (2, 6), (3, 5), (3, 6))
((1, 6), (1, 6), (2, 5), (2, 6), (3, 5))
((0, 2), (0, 3), (0, 4), (4, 6), (4, 6))
((0, 2), (2, 5), (2, 6), (3, 5))
((0, 2), (0, 5), (2, 5), (3, 5), (3, 5))
((0, 5), (0, 5), (1, 3), (1, 4), (1, 5))
((0, 5), (1, 3), (1, 5), (3, 5))
((0, 2), (2, 5), (2, 6), (3, 5), (3, 5))
((0, 3), (1, 3), (3, 6), (4, 6), (4, 6))
((0, 2), (0, 3), (3, 5), (3, 6))
((0, 2), (0, 4), (2, 4), (4, 6), (4, 6))
((1, 6), (2, 4), (2, 5), (2, 6))
((1, 5), (1, 6), (2, 5), (3, 5))
((1, 3), (1, 3), (1, 4), (1, 6), (4, 6))
((0, 4), (0, 5), (1, 3), (1, 4))
((0, 3), (0, 4), (0, 5), (1, 3), (1, 3))
((1, 3), (1, 4), (1, 5), (1, 6), (1, 6))
((0, 3), (1, 3), (3, 5), (3, 6))
((1, 5), (1, 6), (2, 4), (2, 4), (2, 5))
((1, 4), (1, 5), (1, 6), (1, 6), (2, 4))
((0, 2), (0, 2), (0, 3), (0, 4), (0, 5))
((1, 3), (1, 3), (1, 4), (1, 5), (1, 6))
((1, 6), (2, 5), (2, 6), (3, 5), (3, 5))
((1, 3), (1, 5), (1, 6), (3, 5))
((0, 2), (0, 2), (2, 4), (2, 5), (2, 6))
((1, 6), (2, 6), (3, 6), (4, 6))
